"X"	"A"	"F_risk"	"O_factor"	"imm_p"	"RRreport"	"log.density"
"4001"	4001	0.076204978750646	3.19671326231954	0.250099677879556	0.709965792412678	0.904025341077906	-204.45646700253
"4007"	4007	0.076204978750646	3.19671326231954	0.250099677879556	0.709965792412678	0.904025341077906	-204.45646700253
"4013"	4013	0.076204978750646	3.19671326231954	0.250099677879556	0.709965792412678	0.904025341077906	-204.45646700253
"4019"	4019	0.076204978750646	3.19671326231954	0.250099677879556	0.709965792412678	0.904025341077906	-204.45646700253
"4025"	4025	0.076204978750646	3.19671326231954	0.250099677879556	0.709965792412678	0.904025341077906	-204.45646700253
"4031"	4031	0.076204978750646	3.19671326231954	0.250099677879556	0.709965792412678	0.904025341077906	-204.45646700253
"4037"	4037	0.076204978750646	3.19671326231954	0.250099677879556	0.709965792412678	0.904025341077906	-204.45646700253
"4043"	4043	0.076204978750646	3.19671326231954	0.250099677879556	0.709965792412678	0.904025341077906	-204.45646700253
"4049"	4049	0.076204978750646	3.19671326231954	0.250099677879556	0.709965792412678	0.904025341077906	-204.45646700253
"4055"	4055	0.076204978750646	3.19671326231954	0.250099677879556	0.709965792412678	0.904025341077906	-204.45646700253
"4061"	4061	0.076204978750646	3.19671326231954	0.250099677879556	0.709965792412678	0.904025341077906	-204.45646700253
"4067"	4067	0.076204978750646	3.19671326231954	0.250099677879556	0.709965792412678	0.904025341077906	-204.45646700253
"4073"	4073	0.075423867685039	3.21981610749917	0.2536880838213	0.689470810313225	0.919131080478945	-203.349696465877
"4079"	4079	0.075423867685039	3.21981610749917	0.2536880838213	0.689470810313225	0.919131080478945	-203.349696465877
"4085"	4085	0.0744434058560923	3.43804716570848	0.284535565949683	0.618074774784496	0.944668388627172	-201.868899965417
"4091"	4091	0.0744434058560923	3.43804716570848	0.284535565949683	0.618074774784496	0.944668388627172	-201.868899965417
"4097"	4097	0.0761567924732466	3.06856202832325	0.308087265449269	0.696011354404993	0.973475016172499	-201.996194282137
"4103"	4103	0.0744260252028059	3.48921866257913	0.32775054619154	0.638322009689322	0.907179924995675	-201.541672705467
"4109"	4109	0.0744260252028059	3.48921866257913	0.32775054619154	0.638322009689322	0.907179924995675	-201.541672705467
"4115"	4115	0.0744260252028059	3.48921866257913	0.32775054619154	0.638322009689322	0.907179924995675	-201.541672705467
"4121"	4121	0.0744260252028059	3.48921866257913	0.32775054619154	0.638322009689322	0.907179924995675	-201.541672705467
"4127"	4127	0.0744260252028059	3.48921866257913	0.32775054619154	0.638322009689322	0.907179924995675	-201.541672705467
"4133"	4133	0.0748130727147373	3.37518168152	0.296483958930929	0.632947185718404	0.927754128278541	-201.210082528886
"4139"	4139	0.0748130727147373	3.37518168152	0.296483958930929	0.632947185718404	0.927754128278541	-201.210082528886
"4145"	4145	0.0748130727147373	3.37518168152	0.296483958930929	0.632947185718404	0.927754128278541	-201.210082528886
"4151"	4151	0.0748130727147373	3.37518168152	0.296483958930929	0.632947185718404	0.927754128278541	-201.210082528886
"4157"	4157	0.0748130727147373	3.37518168152	0.296483958930929	0.632947185718404	0.927754128278541	-201.210082528886
"4163"	4163	0.0748130727147373	3.37518168152	0.296483958930929	0.632947185718404	0.927754128278541	-201.210082528886
"4169"	4169	0.0771598862938361	3.58540376189524	0.314261282664691	0.674034097060248	0.804492044122261	-200.892421544599
"4175"	4175	0.0771598862938361	3.58540376189524	0.314261282664691	0.674034097060248	0.804492044122261	-200.892421544599
"4181"	4181	0.0736663210422107	3.49260872921943	0.295956977488323	0.681741530242699	0.858365173833264	-203.696066412932
"4187"	4187	0.0736663210422107	3.49260872921943	0.295956977488323	0.681741530242699	0.858365173833264	-203.696066412932
"4193"	4193	0.0736663210422107	3.49260872921943	0.295956977488323	0.681741530242699	0.858365173833264	-203.696066412932
"4199"	4199	0.0766477410852459	3.52817638315152	0.317400051446927	0.727155018263432	0.865372522162707	-202.770013833125
"4205"	4205	0.0766477410852459	3.52817638315152	0.317400051446927	0.727155018263432	0.865372522162707	-202.770013833125
"4211"	4211	0.0741240223211222	3.63225555325297	0.302318047165137	0.628555445765767	0.76256352853426	-201.531591801007
"4217"	4217	0.0741240223211222	3.63225555325297	0.302318047165137	0.628555445765767	0.76256352853426	-201.531591801007
"4223"	4223	0.0743219612441474	3.66212689476367	0.297580858632208	0.637711908153113	0.819753156125004	-200.640900851191
"4229"	4229	0.0743219612441474	3.66212689476367	0.297580858632208	0.637711908153113	0.819753156125004	-200.640900851191
"4235"	4235	0.0743219612441474	3.66212689476367	0.297580858632208	0.637711908153113	0.819753156125004	-200.640900851191
"4241"	4241	0.0743219612441474	3.66212689476367	0.297580858632208	0.637711908153113	0.819753156125004	-200.640900851191
"4247"	4247	0.0743219612441474	3.66212689476367	0.297580858632208	0.637711908153113	0.819753156125004	-200.640900851191
"4253"	4253	0.0743219612441474	3.66212689476367	0.297580858632208	0.637711908153113	0.819753156125004	-200.640900851191
"4259"	4259	0.0736068679638468	3.53160843030639	0.297609963344478	0.669446233678168	0.845427103938626	-202.843912322228
"4265"	4265	0.0728338720990626	3.46627240405675	0.327521047899435	0.632579140745574	0.880711783289479	-202.92536225434
"4271"	4271	0.0728338720990626	3.46627240405675	0.327521047899435	0.632579140745574	0.880711783289479	-202.92536225434
"4277"	4277	0.074841561747486	3.27789464584835	0.337287813815796	0.595767288084295	0.777370343745395	-203.833964888417
"4283"	4283	0.074841561747486	3.27789464584835	0.337287813815796	0.595767288084295	0.777370343745395	-203.833964888417
"4289"	4289	0.0730674778532059	3.14935757452442	0.332903097886545	0.66684060634656	0.868989659097467	-205.078296863533
"4295"	4295	0.076523942377222	3.09656286069951	0.338100591630408	0.707483866941163	0.881665137998744	-201.851730205247
"4301"	4301	0.074064965655427	2.99878084551488	0.325047518537184	0.671046613478221	0.932953748109183	-203.461440858386
"4307"	4307	0.074064965655427	2.99878084551488	0.325047518537184	0.671046613478221	0.932953748109183	-203.461440858386
"4313"	4313	0.0767279497326661	2.72720575740272	0.342760334295831	0.700966451010015	0.93199315335302	-203.983763719971
"4319"	4319	0.0767279497326661	2.72720575740272	0.342760334295831	0.700966451010015	0.93199315335302	-203.983763719971
"4325"	4325	0.0777629992230265	3.31269222841307	0.373687478447427	0.670494540720199	0.836187867379611	-202.197427056776
"4331"	4331	0.0756894491923596	3.04699788703311	0.36824755625775	0.66419389114172	0.866080792160599	-200.66771344418
"4337"	4337	0.0756894491923596	3.04699788703311	0.36824755625775	0.66419389114172	0.866080792160599	-200.66771344418
"4343"	4343	0.0759651971073921	2.95707345590944	0.411718209434841	0.649251901017696	0.891712023661438	-200.787960840997
"4349"	4349	0.076541715367816	3.02223698919449	0.427344469357218	0.648659228664632	0.807554444994989	-201.017515358104
"4355"	4355	0.0777226394451374	2.70491886212087	0.416159357925646	0.699496665461543	0.832581655592423	-203.612818985954
"4361"	4361	0.0777226394451374	2.70491886212087	0.416159357925646	0.699496665461543	0.832581655592423	-203.612818985954
"4367"	4367	0.0738750646132201	2.79563064494032	0.405162856269188	0.598076806118282	0.919927006886368	-203.072159739926
"4373"	4373	0.0738692805875665	3.12016923782387	0.380062729912587	0.5688940135794	0.844166660192042	-204.25204261435
"4379"	4379	0.0738692805875665	3.12016923782387	0.380062729912587	0.5688940135794	0.844166660192042	-204.25204261435
"4385"	4385	0.0738692805875665	3.12016923782387	0.380062729912587	0.5688940135794	0.844166660192042	-204.25204261435
"4391"	4391	0.0732648845608934	2.95332254244506	0.396075847165238	0.630021954523289	0.714588344399705	-208.081126451506
"4397"	4397	0.075667103676905	3.17400613330671	0.407179717907766	0.592851769823904	0.74886591679483	-203.986731374497
"4403"	4403	0.072671734723662	3.48482635473328	0.412668326251599	0.628164073139823	0.784788234052307	-202.878184304797
"4409"	4409	0.0764596023631925	3.71913486540612	0.402851892760864	0.689973300579108	0.746997414918212	-201.574632778837
"4415"	4415	0.077018421144743	3.67161239410214	0.407562492096528	0.677904344915469	0.706563431019043	-201.10146673594
"4421"	4421	0.0754603086670703	3.46859987722566	0.41438401946261	0.648244566353028	0.740618640868461	-200.162511433642
"4427"	4427	0.0754603086670703	3.46859987722566	0.41438401946261	0.648244566353028	0.740618640868461	-200.162511433642
"4433"	4433	0.0754603086670703	3.46859987722566	0.41438401946261	0.648244566353028	0.740618640868461	-200.162511433642
"4439"	4439	0.0754603086670703	3.46859987722566	0.41438401946261	0.648244566353028	0.740618640868461	-200.162511433642
"4445"	4445	0.0754603086670703	3.46859987722566	0.41438401946261	0.648244566353028	0.740618640868461	-200.162511433642
"4451"	4451	0.0754603086670703	3.46859987722566	0.41438401946261	0.648244566353028	0.740618640868461	-200.162511433642
"4457"	4457	0.0754603086670703	3.46859987722566	0.41438401946261	0.648244566353028	0.740618640868461	-200.162511433642
"4463"	4463	0.0754603086670703	3.46859987722566	0.41438401946261	0.648244566353028	0.740618640868461	-200.162511433642
"4469"	4469	0.0754603086670703	3.46859987722566	0.41438401946261	0.648244566353028	0.740618640868461	-200.162511433642
"4475"	4475	0.0754603086670703	3.46859987722566	0.41438401946261	0.648244566353028	0.740618640868461	-200.162511433642
"4481"	4481	0.0754603086670703	3.46859987722566	0.41438401946261	0.648244566353028	0.740618640868461	-200.162511433642
"4487"	4487	0.0754603086670703	3.46859987722566	0.41438401946261	0.648244566353028	0.740618640868461	-200.162511433642
"4493"	4493	0.0754603086670703	3.46859987722566	0.41438401946261	0.648244566353028	0.740618640868461	-200.162511433642
"4499"	4499	0.0755136934548917	3.58296223271903	0.410139901356161	0.659814486897678	0.733944973070293	-200.252297982297
"4505"	4505	0.0755136934548917	3.58296223271903	0.410139901356161	0.659814486897678	0.733944973070293	-200.252297982297
"4511"	4511	0.0773110467595174	3.59621807001919	0.411230105199836	0.722777031494483	0.673201044321803	-202.132529276203
"4517"	4517	0.0773110467595174	3.59621807001919	0.411230105199836	0.722777031494483	0.673201044321803	-202.132529276203
"4523"	4523	0.0773110467595174	3.59621807001919	0.411230105199836	0.722777031494483	0.673201044321803	-202.132529276203
"4529"	4529	0.0768759062038396	4.06288230394475	0.390127992668191	0.713215837630639	0.700496245214277	-203.530592059653
"4535"	4535	0.0763650460813134	4.08155974794956	0.394030650416636	0.694889388853487	0.684183268947032	-202.486597364861
"4541"	4541	0.0763650460813134	4.08155974794956	0.394030650416636	0.694889388853487	0.684183268947032	-202.486597364861
"4547"	4547	0.0757670086268811	4.05729300749	0.394756314300653	0.646542653230005	0.694137819381885	-202.264702274894
"4553"	4553	0.0773119366950602	4.03916156425136	0.373281315341118	0.668034355652651	0.683310397192808	-202.434872337115
"4559"	4559	0.0782861827763447	3.66495525506497	0.374349302918453	0.710144527132903	0.657559169939694	-202.939676410008
"4565"	4565	0.0748616287011282	3.80528347681876	0.377255940726788	0.664173372581355	0.660073912513276	-200.834124018914
"4571"	4571	0.0748616287011282	3.80528347681876	0.377255940726788	0.664173372581355	0.660073912513276	-200.834124018914
"4577"	4577	0.0748616287011282	3.80528347681876	0.377255940726788	0.664173372581355	0.660073912513276	-200.834124018914
"4583"	4583	0.0761187257597476	3.6893705012661	0.379199517592882	0.64620686501136	0.644437771153544	-201.689636614699
"4589"	4589	0.0761187257597476	3.6893705012661	0.379199517592882	0.64620686501136	0.644437771153544	-201.689636614699
"4595"	4595	0.0746643731813197	3.5329365396708	0.376865693539836	0.632234148733737	0.658997229747626	-202.416897869925
"4601"	4601	0.0762301709704506	3.96074932724067	0.371430445908827	0.638021351045	0.65199917864164	-201.614149295784
"4607"	4607	0.0762301709704506	3.96074932724067	0.371430445908827	0.638021351045	0.65199917864164	-201.614149295784
"4613"	4613	0.0746384728498451	3.98835096297947	0.37737558504583	0.655753558276998	0.675532576252082	-200.856027799739
"4619"	4619	0.0746384728498451	3.98835096297947	0.37737558504583	0.655753558276998	0.675532576252082	-200.856027799739
"4625"	4625	0.0746384728498451	3.98835096297947	0.37737558504583	0.655753558276998	0.675532576252082	-200.856027799739
"4631"	4631	0.0746384728498451	3.98835096297947	0.37737558504583	0.655753558276998	0.675532576252082	-200.856027799739
"4637"	4637	0.0750829467427154	3.76998997853313	0.351146968474754	0.635367418277827	0.730922281114995	-200.376555505678
"4643"	4643	0.0750829467427154	3.76998997853313	0.351146968474754	0.635367418277827	0.730922281114995	-200.376555505678
"4649"	4649	0.0764410088239461	3.41853381007781	0.353484078309153	0.700087343672625	0.736170829306226	-201.372488911573
"4655"	4655	0.0763243967200873	3.90215103671553	0.380306971595419	0.67299015036814	0.759580752805724	-202.377271088959
"4661"	4661	0.0766231031656044	3.9570511071166	0.389906880143024	0.648513254895746	0.752275741107147	-204.15398780075
"4667"	4667	0.0766231031656044	3.9570511071166	0.389906880143024	0.648513254895746	0.752275741107147	-204.15398780075
"4673"	4673	0.0744628702538842	4.05310504517414	0.393359994584748	0.654039260637539	0.765226231801485	-204.632169592454
"4679"	4679	0.0742676171840956	4.31440937990892	0.386287356037581	0.635078479225335	0.690134608156287	-203.828946548385
"4685"	4685	0.0749051192326902	3.78973488315517	0.396724777838094	0.686355876320922	0.696920581744114	-201.418334858215
"4691"	4691	0.0749051192326902	3.78973488315517	0.396724777838094	0.686355876320922	0.696920581744114	-201.418334858215
"4697"	4697	0.0746022624431795	3.54328517962223	0.417844248208476	0.612940341443738	0.717449438783075	-201.218164681863
"4703"	4703	0.0746022624431795	3.54328517962223	0.417844248208476	0.612940341443738	0.717449438783075	-201.218164681863
"4709"	4709	0.0771522312700386	3.28040983283203	0.414845582564074	0.706156262857266	0.717923957730035	-201.368877254
"4715"	4715	0.0746936829641389	3.27492560177909	0.407218676380888	0.627018681474365	0.714785663829718	-201.581214692022
"4721"	4721	0.0746936829641389	3.27492560177909	0.407218676380888	0.627018681474365	0.714785663829718	-201.581214692022
"4727"	4727	0.0746974356215415	3.34508265032122	0.394613281047662	0.603828455969931	0.700267218520815	-202.922778066222
"4733"	4733	0.0746974356215415	3.34508265032122	0.394613281047662	0.603828455969931	0.700267218520815	-202.922778066222
"4739"	4739	0.0746974356215415	3.34508265032122	0.394613281047662	0.603828455969931	0.700267218520815	-202.922778066222
"4745"	4745	0.0770807340992726	3.29146264542872	0.388415520506911	0.662465335142191	0.676756966925802	-203.369650308368
"4751"	4751	0.0759684543296098	3.42757767097722	0.391201477602299	0.655114517251585	0.688474742979123	-201.112065009537
"4757"	4757	0.0744767476531388	3.63653537664864	0.407749717532018	0.658212098770707	0.681356336349465	-200.809718049293
"4763"	4763	0.0744767476531388	3.63653537664864	0.407749717532018	0.658212098770707	0.681356336349465	-200.809718049293
"4769"	4769	0.0752997696672684	3.75276158024829	0.423009290712329	0.646673776361972	0.665387889271088	-200.692824166402
"4775"	4775	0.0752997696672684	3.75276158024829	0.423009290712329	0.646673776361972	0.665387889271088	-200.692824166402
"4781"	4781	0.0752997696672684	3.75276158024829	0.423009290712329	0.646673776361972	0.665387889271088	-200.692824166402
"4787"	4787	0.0741993799262912	3.85491053523951	0.435042755908683	0.640508969938748	0.629200639443316	-201.531804916046
"4793"	4793	0.0742282512585786	3.7230109678135	0.430250097791075	0.68835330728463	0.63350212988675	-203.154627511759
"4799"	4799	0.0765973189190657	3.5737111426202	0.431440852095704	0.715126731529636	0.631074408723321	-202.38095545687
"4805"	4805	0.0786542290932826	3.62030969900695	0.434259483642184	0.720722102086596	0.679971777040832	-203.570180535385
"4811"	4811	0.0756066145920894	3.79162654245951	0.431633108404969	0.692444115373548	0.743907773870395	-203.438604903804
"4817"	4817	0.0744821629886331	3.57713688086827	0.418710428042269	0.679838198141586	0.652325936535002	-202.175026137411
"4823"	4823	0.0753229958020145	3.63371849186147	0.425782277091369	0.628291135170379	0.715863475232404	-201.209020474531
"4829"	4829	0.0753229958020145	3.63371849186147	0.425782277091369	0.628291135170379	0.715863475232404	-201.209020474531
"4835"	4835	0.0753229958020145	3.63371849186147	0.425782277091369	0.628291135170379	0.715863475232404	-201.209020474531
"4841"	4841	0.0741874729248107	3.63883226115939	0.417898943011448	0.649420500124406	0.728015077074046	-201.018377937082
"4847"	4847	0.0741874729248107	3.63883226115939	0.417898943011448	0.649420500124406	0.728015077074046	-201.018377937082
"4853"	4853	0.0763803220686825	3.5544583780492	0.419551173491324	0.675870036995037	0.722761348726411	-200.468747834073
"4859"	4859	0.0760257509327801	3.64719366899479	0.420210728234433	0.682808615714697	0.728443681969146	-200.94627934738
"4865"	4865	0.0764556027526581	3.55795753266567	0.432419138002423	0.728544058771971	0.706185704878952	-202.823240349552
"4871"	4871	0.0765727747162303	3.42604651661592	0.421756998556654	0.643256714051811	0.702913039193936	-201.332137518287
"4877"	4877	0.0765727747162303	3.42604651661592	0.421756998556654	0.643256714051811	0.702913039193936	-201.332137518287
"4883"	4883	0.0765727747162303	3.42604651661592	0.421756998556654	0.643256714051811	0.702913039193936	-201.332137518287
"4889"	4889	0.0760694264047826	3.26549320667266	0.440321794968949	0.638561713623425	0.709829035879865	-201.065749045988
"4895"	4895	0.075964505837123	3.4280822945176	0.432909544748194	0.624871698610593	0.663604686658623	-202.130906678175
"4901"	4901	0.0740033168327617	3.49679478002777	0.433633833449984	0.664589394032857	0.657587360802947	-202.185605778485
"4907"	4907	0.0755187015821635	3.49196680307995	0.431563367791637	0.656518765445443	0.681073647813284	-200.32133330904
"4913"	4913	0.0773722568658337	3.61724017678321	0.409962398364639	0.68490408009617	0.718192806086165	-201.418579746756
"4919"	4919	0.0769518525171479	3.36289200437297	0.397035680887812	0.693791521060512	0.728809525610095	-200.802948898244
"4925"	4925	0.0761931670146554	3.25436511505716	0.412625964313162	0.716761794306501	0.734000738966837	-202.064144141719
"4931"	4931	0.0769517592542966	3.20552450446773	0.408763414338352	0.672903103842239	0.727628762423798	-201.311884679828
"4937"	4937	0.0769517592542966	3.20552450446773	0.408763414338352	0.672903103842239	0.727628762423798	-201.311884679828
"4943"	4943	0.0753621145419473	3.40114450833015	0.418277668100804	0.64658630182805	0.686957845855625	-200.736438486621
"4949"	4949	0.0767185205867168	3.51909832564058	0.397748819222401	0.668703936726578	0.722386524361045	-200.532925399935
"4955"	4955	0.0759724666466519	3.34647256041548	0.409516182222112	0.685024612923427	0.775066646978419	-200.249806717279
"4961"	4961	0.0759724666466519	3.34647256041548	0.409516182222112	0.685024612923427	0.775066646978419	-200.249806717279
"4967"	4967	0.0758540369057193	3.29017002706706	0.419992585187547	0.633012723328256	0.787787968087406	-200.901715723088
"4973"	4973	0.0753212697855884	3.32168155630534	0.418984499553569	0.628684433315306	0.766705930708793	-200.623690947503
"4979"	4979	0.0765175684858877	3.22633699330218	0.438199638358835	0.610081381587805	0.725671703032133	-203.47102767568
"4985"	4985	0.0765175684858877	3.22633699330218	0.438199638358835	0.610081381587805	0.725671703032133	-203.47102767568
"4991"	4991	0.0744200181340532	3.23483291652381	0.440254751791405	0.683423901206107	0.749015398155928	-201.686687694784
"4997"	4997	0.0734374673344601	3.28640954455543	0.442878033017984	0.663929095734026	0.753276120030089	-202.406466548857
